Top 5
Hit Ratio:0.13534
Precision:0.08807
Recall:0.22009
NDCG:0.20668
Top 10
Hit Ratio:0.16871
Precision:0.0549
Recall:0.24953
NDCG:0.21511
Top 20
Hit Ratio:0.19533
Precision:0.03178
Recall:0.2756
NDCG:0.22198
