Top 5
Hit Ratio:0.00778
Precision:0.00506
Recall:0.01399
NDCG:0.01052
Top 10
Hit Ratio:0.0131
Precision:0.00426
Recall:0.02247
NDCG:0.01347
Top 20
Hit Ratio:0.02232
Precision:0.00363
Recall:0.03945
NDCG:0.01801
