Top 5
Hit Ratio:0.07658
Precision:0.04983
Recall:0.12875
NDCG:0.11408
Top 10
Hit Ratio:0.11016
Precision:0.03584
Recall:0.16724
NDCG:0.12709
Top 20
Hit Ratio:0.1421
Precision:0.02312
Recall:0.20478
NDCG:0.13762
