Top 5
Hit Ratio:0.0088
Precision:0.00573
Recall:0.01647
NDCG:0.01483
Top 10
Hit Ratio:0.01658
Precision:0.0054
Recall:0.02873
NDCG:0.01903
Top 20
Hit Ratio:0.02457
Precision:0.004
Recall:0.03827
NDCG:0.02169
