Top 5
Hit Ratio:0.03267
Precision:0.2708
Recall:0.04193
NDCG:0.28228
Top 10
Hit Ratio:0.05713
Precision:0.23675
Recall:0.07124
NDCG:0.2577
Top 20
Hit Ratio:0.09715
Precision:0.2013
Recall:0.11846
NDCG:0.23926
